=== Metropolist-Hastings Random Walk
#sample mean_deg_wd     mean_deg_wod    stdev_deg_wd    stdev_deg_wod   real_avg_deg    mean_inc_wd     mean_inc_wod    stdev_inc_wd    stdev_inc_wod   real_avg_inc
100	4.5930000	9.3807142	1.4101032	1.6884000	4.7260410	3254.4100000	3203.4988914	409.6985744	228.1717788	3195.8201515	
300	4.6967667	9.6189645	1.1768187	1.3997202	4.7260410	3240.4400000	3198.8701822	334.3930601	179.5094947	3195.8201515	
1000	4.7069844	9.6910067	0.9994258	1.1826174	4.7260410	3225.0480000	3197.9219105	283.7779809	150.3705461	3195.8201515	
3000	4.7246958	9.7390113	0.8751984	1.0375102	4.7260410	3216.0475833	3200.3172915	249.1701451	131.5135349	3195.8201515	
10000	4.7271523	9.7498798	0.7853054	0.9304834	4.7260410	3213.4459667	3200.9203762	223.6109613	117.9503151	3195.8201515	

=== ReWeighted Random Walk
#sample mean_biased_deg mean_rw_deg     std_biased_deg  std_rw_deg      real_avg_deg    mean_biased_inc mean_rw_inc     std_biased_inc  stdev_rw_inc    real_avg_inc
100	11.3405000	4.5997810	1.0884231	0.7039778	4.7260410	3189.2900000	3186.3036019	137.7020911	216.2410771	3195.8201515	
300	11.4494833	4.6704911	1.1459317	0.6324762	4.7260410	3202.3300000	3195.3334978	125.9414987	183.0736096	3195.8201515	
1000	11.4925656	4.6848839	0.9563716	0.5285903	4.7260410	3200.5660000	3195.8636188	105.4758534	152.9040981	3195.8201515	
3000	11.4931583	4.6886614	0.9591300	0.4886477	4.7260410	3201.5235833	3195.3375253	92.1555059	133.3167832	3195.8201515	
10000	11.5148359	4.6952149	0.8604133	0.4379964	4.7260410	3202.1752867	3196.3662091	82.5830356	119.5524125	3195.8201515	
# Metropolist-Hastings Random Walk
#sample mean_deg_wd     mean_deg_wod    stdev_deg_wd    stdev_deg_wod   real_avg_deg    mean_inc_wd     mean_inc_wod    stdev_inc_wd    stdev_inc_wod   real_avg_inc
100	4.5971000	9.5446431	1.5732847	2.0550485	4.7260410	3200.9500000	3214.7704203	436.4494787	257.2664519	3201.7639728	
300	4.6143000	9.5548050	1.2324759	1.6027056	4.7260410	3196.6583333	3199.2427615	354.6028129	198.4732877	3201.7639728	
1000	4.6757267	9.7039656	1.0452862	1.3684583	4.7260410	3198.6132222	3200.3125696	299.7548446	166.0461176	3201.7639728	
3000	4.6917200	9.7356263	0.9172542	1.1965388	4.7260410	3196.9007500	3200.8618848	262.3741630	144.7722648	3201.7639728	
10000	4.7003668	9.7482670	0.8238007	1.0724776	4.7260410	3198.7490600	3201.1486458	235.3486059	129.7573745	3201.7639728	

# ReWeighted Random Walk
#sample mean_biased_deg mean_rw_deg     std_biased_deg  std_rw_deg      real_avg_deg    mean_biased_inc mean_rw_inc     std_biased_inc  stdev_rw_inc    real_avg_inc
100	11.5422000	4.7422558	0.9832350	0.6631959	4.7260410	3203.3100000	3217.0411914	123.8155640	180.5030611	3201.7639728	
300	11.5660667	4.7495725	0.7983426	0.5463636	4.7260410	3204.9300000	3203.7888311	105.3080169	154.5998136	3201.7639728	
1000	11.5676178	4.7361265	0.6796117	0.4599326	4.7260410	3207.0210000	3202.9846273	88.7381362	130.6947769	3201.7639728	
3000	11.5682592	4.7315794	0.5973688	0.4037760	4.7260410	3206.7107500	3202.7414352	77.5222590	114.2912031	3201.7639728	
10000	11.5768857	4.7311983	0.5363669	0.3621631	4.7260410	3206.4043600	3202.4432253	69.5307283	102.6399885	3201.7639728	
# Metropolist-Hastings Random Walk
#sample mean_deg_wd     mean_deg_wod    stdev_deg_wd    stdev_deg_wod   real_avg_deg    mean_inc_wd     mean_inc_wod    stdev_inc_wd    stdev_inc_wod   real_avg_inc
100	4.8261000	9.4309603	1.4873835	2.0172045	4.7260410	3202.6700000	3213.5520373	377.2823891	198.6226990	3199.4359761	
300	4.7443500	9.5530222	1.2140346	1.5805779	4.7260410	3184.4233333	3200.4050825	318.9516033	162.3019675	3199.4359761	
1000	4.7340867	9.6449840	1.0241409	1.3281740	4.7260410	3196.6815556	3204.0753792	272.6305714	136.5791393	3199.4359761	
3000	4.7309533	9.7028279	0.8965486	1.1633732	4.7260410	3198.3429167	3201.8884116	239.0135224	119.9441144	3199.4359761	
10000	4.7344433	9.7253062	0.8048419	1.0435697	4.7260410	3198.9541933	3201.3904838	214.6284755	107.6303705	3199.4359761	

# ReWeighted Random Walk
#sample mean_biased_deg mean_rw_deg     std_biased_deg  std_rw_deg      real_avg_deg    mean_biased_inc mean_rw_inc     std_biased_inc  stdev_rw_inc    real_avg_inc
100	11.3355000	4.5667860	1.4791906	0.8351178	4.7260410	3216.5900000	3227.1704902	166.4129860	210.0177408	3199.4359761	
300	11.4281000	4.6495576	1.1046986	0.6522768	4.7260410	3208.6516667	3215.4168828	131.1609922	168.8213143	3199.4359761	
1000	11.4949833	4.6908992	0.9253024	0.5486649	4.7260410	3203.5801111	3209.4497880	109.8773127	143.5315715	3199.4359761	
3000	11.5145350	4.6980259	0.8062180	0.4788133	4.7260410	3201.8246667	3207.1680881	96.0764055	125.4639172	3199.4359761	
10000	11.5342108	4.7050505	0.7239444	0.4293834	4.7260410	3200.6262933	3205.1639594	86.1548099	112.5645060	3199.4359761	
# Metropolist-Hastings Random Walk
#sample mean_deg_wd     mean_deg_wod    stdev_deg_wd    stdev_deg_wod   real_avg_deg    mean_inc_wd     mean_inc_wod    stdev_inc_wd    stdev_inc_wod   real_avg_inc
100	4.7147000	9.4749736	1.5126219	1.7630375	4.7260410	3162.9900000	3191.7044844	376.6039165	244.3814675	3192.1867510	
300	4.7693333	9.6634224	1.2350215	1.4533937	4.7260410	3173.5933333	3196.5070123	307.9245004	189.3184304	3192.1867510	
1000	4.7524456	9.6963565	1.0489588	1.2211034	4.7260410	3183.1418889	3193.7378150	263.4674100	158.3385955	3192.1867510	
3000	4.7470842	9.7438205	0.9176915	1.0706355	4.7260410	3185.9713333	3192.0935662	231.3617780	138.2860162	3192.1867510	
10000	4.7377313	9.7515814	0.8240070	0.9601941	4.7260410	3187.5197067	3191.6779911	207.9077145	124.0416063	3192.1867510	

# ReWeighted Random Walk
#sample mean_biased_deg mean_rw_deg     std_biased_deg  std_rw_deg      real_avg_deg    mean_biased_inc mean_rw_inc     std_biased_inc  stdev_rw_inc    real_avg_inc
100	11.5470000	4.6677210	1.0491497	0.6651168	4.7260410	3192.6400000	3212.1853383	135.3420496	192.7857416	3192.1867510	
300	11.5482167	4.7097547	0.8602813	0.5369915	4.7260410	3193.5950000	3206.8656926	112.3285255	165.2979182	3192.1867510	
1000	11.5521478	4.7125895	0.7266858	0.4565250	4.7260410	3192.7713333	3203.5358752	94.7815184	139.1035415	3192.1867510	
3000	11.5624975	4.7134472	0.6384197	0.4012931	4.7260410	3191.8958333	3200.3048055	82.9010441	121.8401933	3192.1867510	
10000	11.5701352	4.7140413	0.5732770	0.3598573	4.7260410	3191.0665267	3198.2996921	74.4321315	109.3907753	3192.1867510	
